-1975427156523133728059401423809400317479162437668860285141644034343687707191907719616959444049963749686985125830909183055835481164893435443108087740233751320,+950615905147469857327869630022800255229798032083355128797283200957987071623380989123299506131430506053514303302744830317033748178044163647959940639519968273
-1971285633478603933382897966218303149528657602843194576513897912455647015124448831007492141264971903266683707174414705713477114893468750017824789054114995168,+1622383127846192668901295870048232191735976331617140667245242476552157546105607627006424953223211107083352370346681736726811767818398859999053924097562123440
+229890409027230088519099053511199719748666818406580216244170124149088895552444769837838863238762639581349159121779668679807217132841491803497660395004480186,-4679402574554045867593937312466346649739664104445659326142913065185922828069064389949534059234542099861549554285673717029470599773249366829710319385222516048
-6400170893880286830732918763780827823674893738919509641035701807786423304965549507548043200544198153899846369274748801074718526017110431107194963470396961082,-5892283774239135622365060500204274162701091739336801801160970970666442579609659759752624284956393053051342630972227835627153497557988907877177257039759020890
-4281587045516413229503135700462824648276536630172593468938685705390581766456868573939182271657665980723311821624217054870198945535932375175016778864736665987,+4057710678512090149105685510826654997568572699783412178713759929119615249796572870985409501687953281544941260681374601471813694973767358115408564004666276636
+6348372797490198939913384817789336207713558474076389468046280939246687269958457375671470368984089013224681949116217577896048502592333521840476544659788523588,+1400508439601479305289620840287969997692548713861344656968540047069194518680808616748911239559609442621451406655147968808604401372824811071605425929952329189
-1816154097344497306403199823404108571648486828594998415332145166358764273598308163466729626627664601475417777353666312555340451140002523677352638668760792557,-3050347240192783705144402335336272625299782875746652741022564695680010613219864767070935714415057066447641504689272335405848906955745560178398891597357063033
-3336989482262127125727546401119873400355847133675940159504207764671490026144350293615249632711641870117312504114802305699435794041557668272281373666166594624,+5430896485653797854689536006431708741667563086259140505367967755000146347409968477186003975919247744919515429328149416050984069127194833007556263533677402393
-3449125186300443525101486256494839316712286796432011989871820683000722280256440859617039336915090594177866760812111760274356266744393960130787209786446083836,-1569699434068260250901638868884131694996051866451538653005971792569740529105504148063972825577808779911092579065132039234721668709644500977474367536535281987
+2969664203751695398556436358574917069564949522825544586857765637192129137297871311499442486884246637213672503865944909087484961552572722819168917185606598415,-6456995481030822484047226335130244804669497662536239966111257138413967656258657357565941328713063332981760509218428553953432864458433375635272144841246940117
